[[1]]
[[1]]$par
 [1] 2.253033201 0.447586209 3.980926528 0.037792237 0.017650197 0.007052114
 [7] 0.000000000 0.382995605 0.000358782 0.146667480 0.990295410

[[1]]$value
[1] 1520.152

[[1]]$convergence
[1] 0

[[1]]$feval
[1] 3353

[[1]]$niter
[1] 19


[[2]]
[[2]]$par
 [1] 2.102276365 0.330154569 3.925964370 0.037731202 0.020049642 0.006289174
 [7] 0.000000000 0.567565918 0.000358782 0.166041116 0.992767334

[[2]]$value
[1] 1516.757

[[2]]$convergence
[1] 0

[[2]]$feval
[1] 2810

[[2]]$niter
[1] 19


