[[1]]
[[1]]$par
 [1] 2.69651465 0.40116897 3.96252443 0.03962329 0.01702459 0.01113590
 [7] 0.00000000 0.68251057 0.00000000 0.09317017 0.46752930

[[1]]$value
[1] 1518.555

[[1]]$convergence
[1] 0

[[1]]$feval
[1] 10523

[[1]]$niter
[1] 19


[[2]]
[[2]]$par
 [1] 1.809430e+00 3.807527e-01 3.961182e+00 3.760913e-02 2.064855e-02
 [6] 9.401967e-03 3.051758e-05 6.840210e-01 3.587821e-04 1.753261e-01
[11] 9.538574e-01

[[2]]$value
[1] 1519.149

[[2]]$convergence
[1] 0

[[2]]$feval
[1] 2906

[[2]]$niter
[1] 19


