[[1]]
[[1]]$par
 [1] 2.791851561 0.387283475 3.952453628 0.037731202 0.018600057 0.006655385
 [7] 0.000000000 0.520065498 0.000358782 0.171274881 0.999145508

[[1]]$value
[1] 1518.193

[[1]]$convergence
[1] 0

[[1]]$feval
[1] 2538

[[1]]$niter
[1] 19


[[2]]
[[2]]$par
 [1] 1.792400877 0.387405545 3.957458511 0.037914307 0.018489431 0.006960561
 [7] 0.000000000 0.511657715 0.000358782 0.154398660 0.984130859

[[2]]$value
[1] 1517.978

[[2]]$convergence
[1] 0

[[2]]$feval
[1] 1544

[[2]]$niter
[1] 19


