[[1]]
[[1]]$par
 [1] 1.845929e+00 4.539339e-01 3.930145e+00 3.540805e-02 1.802785e-02
 [6] 7.845571e-03 3.051758e-05 4.875488e-01 3.587820e-04 1.605327e-01
[11] 9.989014e-01

[[1]]$value
[1] 1517.011

[[1]]$convergence
[1] 0

[[1]]$feval
[1] 3565

[[1]]$niter
[1] 19


[[2]]
[[2]]$par
 [1] 2.9933896467 0.2964021274 3.9735794212 0.0379448246 0.0193439230
 [6] 0.0075709126 0.0002441406 0.6467285156 0.0003587820 0.1962382596
[11] 0.9686431885

[[2]]$value
[1] 1521.529

[[2]]$convergence
[1] 0

[[2]]$feval
[1] 2926

[[2]]$niter
[1] 19


