[[1]]
[[1]]$par
 [1]  1.685875e-02  1.338410e-02  5.875061e+00 -4.862039e+01  2.982294e-01
 [6]  3.552083e+01 -2.025639e+01  3.550967e+01 -1.297999e+00  4.133938e-03
[11]  2.149526e-01  2.197266e-03  7.480420e-05  4.529031e-01  2.772217e-01

[[1]]$value
[1] 1526.855

[[1]]$convergence
[1] 0

[[1]]$feval
[1] 5472

[[1]]$niter
[1] 19


[[2]]
[[2]]$par
 [1]  1.687782e-02  1.461625e-02  7.292572e+00 -4.823757e+01  1.257593e-01
 [6]  3.614760e+01 -2.037309e+01  3.634710e+01 -2.348745e+00  2.882717e-03
[11]  2.555371e-01  1.525879e-04  4.428662e-05  4.528993e-01  1.556396e-03

[[2]]$value
[1] 1481.144

[[2]]$convergence
[1] 0

[[2]]$feval
[1] 8293

[[2]]$niter
[1] 19


