[[1]]
[[1]]$par
 [1]  1.684349e-02  1.338792e-02  7.363976e+00 -4.888179e+01  2.653009e-01
 [6]  3.562776e+01 -2.018251e+01  3.567043e+01 -1.391245e+00  4.225491e-03
[11]  2.239781e-01  2.136230e-04  5.191602e-05  4.482644e-01  6.009521e-01

[[1]]$value
[1] 1508.683

[[1]]$convergence
[1] 0

[[1]]$feval
[1] 5162

[[1]]$niter
[1] 19


[[2]]
[[2]]$par
 [1]  1.686257e-02  1.439118e-02  5.411980e+00 -4.842463e+01  1.921732e-01
 [6]  3.572219e+01 -2.017958e+01  3.587666e+01 -1.585676e+00  3.874539e-03
[11]  2.487831e-01  9.498596e-04  2.521314e-05  4.584954e-01  1.127243e-02

[[2]]$value
[1] 1493.049

[[2]]$convergence
[1] 0

[[2]]$feval
[1] 7313

[[2]]$niter
[1] 19


