[[1]]
[[1]]$par
 [1]  1.686257e-02  1.382661e-02  8.052864e+00 -4.861826e+01  2.242586e-01
 [6]  3.567286e+01 -2.018535e+01  3.575679e+01 -1.508738e+00  3.840206e-03
[11]  2.538546e-01  1.907349e-05  2.139844e-05  4.577134e-01  1.189423e-02

[[1]]$value
[1] 1498.823

[[1]]$convergence
[1] 0

[[1]]$feval
[1] 6494

[[1]]$niter
[1] 19


[[2]]
[[2]]$par
 [1]  1.686638e-02  1.378083e-02  5.212361e+00 -4.842339e+01  2.341844e-01
 [6]  3.562042e+01 -2.014485e+01  3.572607e+01 -1.683920e+00  4.130123e-03
[11]  2.516632e-01  2.098083e-04  4.810132e-05  4.535478e-01  4.860229e-01

[[2]]$value
[1] 1498.154

[[2]]$convergence
[1] 0

[[2]]$feval
[1] 4115

[[2]]$niter
[1] 19


