[[1]]
[[1]]$par
 [1]  1.685112e-02  1.310944e-02  8.032135e+00 -4.845463e+01  2.278253e-01
 [6]  3.557514e+01 -2.015006e+01  3.574544e+01 -1.645464e+00  4.004238e-03
[11]  2.274800e-01  0.000000e+00  2.902783e-05  4.560769e-01  5.104065e-03

[[1]]$value
[1] 1516.634

[[1]]$convergence
[1] 0

[[1]]$feval
[1] 6062

[[1]]$niter
[1] 19


[[2]]
[[2]]$par
 [1]  1.687019e-02  1.450181e-02  5.229790e+00 -4.836667e+01  2.474672e-01
 [6]  3.559713e+01 -2.014931e+01  3.565450e+01 -1.618345e+00  3.786801e-03
[11]  2.605992e-01  2.288818e-05  5.191602e-05  4.542878e-01  2.262115e-03

[[2]]$value
[1] 1488.054

[[2]]$convergence
[1] 0

[[2]]$feval
[1] 5401

[[2]]$niter
[1] 19


