[[1]]
[[1]]$par
 [1]  0.033298524  0.010383199  1.570929163  0.082761446 -0.321271331
 [6]  0.138862620  0.008010864  0.000000000  0.371505737  0.000000000
[11]  0.321350098  0.386383057

[[1]]$value
[1] 1740.274

[[1]]$convergence
[1] 0

[[1]]$feval
[1] 4777

[[1]]$niter
[1] 19


[[2]]
[[2]]$par
 [1]  0.034305604  0.011607717  1.181563013  0.080548921 -0.325833709
 [6]  0.089775096  0.009895325  0.000000000  0.467453003  0.000000000
[11]  0.304466248  0.005004883

[[2]]$value
[1] 1715.996

[[2]]$convergence
[1] 0

[[2]]$feval
[1] 3872

[[2]]$niter
[1] 19


