[[1]]
[[1]]$par
 [1]  3.427509e-02  1.094777e-02  1.610846e+00  8.162467e-02 -3.306555e-01
 [6]  9.874726e-02  7.759094e-03  9.155273e-05  2.942505e-01  0.000000e+00
[11]  3.156738e-01  8.300781e-03

[[1]]$value
[1] 1725.78

[[1]]$convergence
[1] 0

[[1]]$feval
[1] 4806

[[1]]$niter
[1] 19


[[2]]
[[2]]$par
 [1]  0.03429035  0.01092107  1.15576803  0.08141867 -0.32494870  0.10994722
 [7]  0.01145935  0.00000000  0.42816162  0.00000000  0.30774689  0.01817322

[[2]]$value
[1] 1726.063

[[2]]$convergence
[1] 0

[[2]]$feval
[1] 3521

[[2]]$niter
[1] 19


