[[1]]
[[1]]$par
 [1]  0.03213886  0.01079519  1.43012106  0.09803549 -0.36199704  0.16405488
 [7]  0.00818634  0.00000000  0.21429443  0.00000000  0.31537628  0.01708984

[[1]]$value
[1] 1722.779

[[1]]$convergence
[1] 0

[[1]]$feval
[1] 5011

[[1]]$niter
[1] 19


[[2]]
[[2]]$par
 [1]  0.034305604  0.011493276  1.293966883  0.064954439 -0.281918914
 [6]  0.051170360  0.008865356  0.000000000  0.450134277  0.000000000
[11]  0.312080383  0.002929688

[[2]]$value
[1] 1726.271

[[2]]$convergence
[1] 0

[[2]]$feval
[1] 3126

[[2]]$niter
[1] 19


