[[1]]
[[1]]$par
 [1]  2.679828e-02  1.153905e-02  1.312750e+00  8.915488e-02 -3.494848e-01
 [6]  1.532822e-01  1.136017e-02  6.103516e-05  4.189453e-01  0.000000e+00
[11]  4.397049e-01  0.000000e+00

[[1]]$value
[1] 1725.838

[[1]]$convergence
[1] 0

[[1]]$feval
[1] 5668

[[1]]$niter
[1] 19


[[2]]
[[2]]$par
 [1]  0.0343437508  0.0117145281  1.5484071905  0.0611550003 -0.2310155933
 [6]  0.0789718734  0.0083084106  0.0001220703  0.3656730652  0.0000000000
[11]  0.3021125793  0.0002136230

[[2]]$value
[1] 1731.881

[[2]]$convergence
[1] 0

[[2]]$feval
[1] 4743

[[2]]$niter
[1] 19


