$par
 [1]  0.011005432  0.016128133  9.149091326  4.616131813  0.961885847 -0.497308580  0.000000000 -4.036902145  0.008913686  0.390747070
[11]  0.661376953  0.000008030  0.725860596  0.905029297

$value
[1] Inf

$feval
[1] 211

$convergence
[1] 6.103516e-07

$iterlog
     n        delta searchSuccess   f
1    1 1.000000e-02             0 Inf
2   16 5.000000e-03             0 Inf
3   31 2.500000e-03             0 Inf
4   46 1.250000e-03             0 Inf
5   61 6.250000e-04             0 Inf
6   76 3.125000e-04             0 Inf
7   91 1.562500e-04             0 Inf
8  106 7.812500e-05             0 Inf
9  121 3.906250e-05             0 Inf
10 136 1.953125e-05             0 Inf
11 151 9.765625e-06             0 Inf
12 166 4.882813e-06             0 Inf
13 181 2.441406e-06             0 Inf
14 196 1.220703e-06             0 Inf
15 211 6.103516e-07             0 Inf

